 0 1.000000000000000e+05 -9.169019028511222e+01
 1 1.023292992280754e+05 -9.081495627702932e+01
 2 1.047128548050900e+05 -8.993596251237919e+01
 3 1.071519305237606e+05 -8.905300999098534e+01
 4 1.096478196143185e+05 -8.816588804850872e+01
 5 1.122018454301963e+05 -8.727437355703545e+01
 6 1.148153621496883e+05 -8.637823005907173e+01
 7 1.174897554939530e+05 -8.547720682819040e+01
 8 1.202264434617413e+05 -8.457103784875643e+01
 9 1.230268770812382e+05 -8.365944070622939e+01
 10 1.258925411794167e+05 -8.274211537847586e+01
 11 1.288249551693134e+05 -8.181874291730766e+01
 12 1.318256738556407e+05 -8.088898400806113e+01
 13 1.348962882591654e+05 -7.995247739342268e+01
 14 1.380384264602885e+05 -7.900883814584687e+01
 15 1.412537544622755e+05 -7.805765577076127e+01
 16 1.445439770745928e+05 -7.709849212025757e+01
 17 1.479108388168207e+05 -7.613087909406207e+01
 18 1.513561248436208e+05 -7.515431610118999e+01
 19 1.548816618912481e+05 -7.416826725171771e+01
 20 1.584893192461114e+05 -7.317215824344480e+01
 21 1.621810097358930e+05 -7.216537290272322e+01
 22 1.659586907437561e+05 -7.114724933223107e+01
 23 1.698243652461744e+05 -7.011707561075306e+01
 24 1.737800828749375e+05 -6.907408498083471e+01
 25 1.778279410038923e+05 -6.801745044917455e+01
 26 1.819700858609983e+05 -6.694627871139686e+01
 27 1.862087136662868e+05 -6.585960329688828e+01
 28 1.905460717963247e+05 -6.475637681002627e+01
 29 1.949844599758045e+05 -6.363546212054007e+01
 30 1.995262314968880e+05 -6.249562232684575e+01
 31 2.041737944669529e+05 -6.133550928059935e+01
 32 2.089296130854040e+05 -6.015365041660414e+01
 33 2.137962089502232e+05 -5.894843357722021e+01
 34 2.187761623949553e+05 -5.771808945142312e+01
 35 2.238721138568340e+05 -5.646067116146946e+01
 36 2.290867652767773e+05 -5.517403041913980e+01
 37 2.344228815319922e+05 -5.385578953112972e+01
 38 2.398832919019490e+05 -5.250330834890893e+01
 39 2.454708915685031e+05 -5.111364501780454e+01
 40 2.511886431509580e+05 -4.968350906290573e+01
 41 2.570395782768863e+05 -4.820920492685278e+01
 42 2.630267991895382e+05 -4.668656350525001e+01
 43 2.691534803926916e+05 -4.511085844889237e+01
 44 2.754228703338166e+05 -4.347670292862606e+01
 45 2.818382931264454e+05 -4.177792105343113e+01
 46 2.884031503126606e+05 -4.000738598796222e+01
 47 2.951209226666386e+05 -3.815681370805201e+01
 48 3.019951720402016e+05 -3.621649674377183e+01
 49 3.090295432513591e+05 -3.417495534485552e+01
 50 3.162277660168380e+05 -3.201847285472499e+01
 51 3.235936569296283e+05 -2.973046530296285e+01
 52 3.311311214825911e+05 -2.729060819037411e+01
 53 3.388441561392025e+05 -2.467359901337121e+01
 54 3.467368504525317e+05 -2.184736042871169e+01
 55 3.548133892335755e+05 -1.877036983445180e+01
 56 3.630780547701014e+05 -1.538763460590792e+01
 57 3.715352290971725e+05 -1.162476945926607e+01
 58 3.801893963205611e+05 -7.380881857747364e+00
 59 3.890451449942806e+05 -2.531955872298621e+00
 60 3.981071705534972e+05 2.963659481517418e+00
 61 4.073802778041127e+05 8.336245999715096e+00
 62 4.168693834703354e+05 1.095530210141403e+01
 63 4.265795188015927e+05 1.107546675652906e+01
 64 4.365158322401660e+05 1.091895040207253e+01
 65 4.466835921509632e+05 1.085352088351132e+01
 66 4.570881896148751e+05 1.080174547420868e+01
 67 4.677351412871983e+05 1.074071697246958e+01
 68 4.786300923226384e+05 1.059767732982342e+01
 69 4.897788193684462e+05 1.020549749198189e+01
 70 5.011872336272722e+05 9.266560161352944e+00
 71 5.128613839913649e+05 7.052297333232644e+00
 72 5.248074602497725e+05 3.035339286176205e+00
 73 5.370317963702526e+05 -1.890665077144672e+00
 74 5.495408738576246e+05 -6.752394887660582e+00
 75 5.623413251903491e+05 -1.123013932693588e+01
 76 5.754399373371570e+05 -1.529907085591155e+01
 77 5.888436553555890e+05 -1.900671447679829e+01
 78 6.025595860743577e+05 -2.240846723129600e+01
 79 6.165950018614822e+05 -2.555291090763075e+01
 80 6.309573444801933e+05 -2.847994125666904e+01
 81 6.456542290346556e+05 -3.122184793714165e+01
 82 6.606934480075960e+05 -3.380481421348980e+01
 83 6.760829753919818e+05 -3.625023432308583e+01
 84 6.918309709189364e+05 -3.857575518837831e+01
 85 7.079457843841378e+05 -4.079607452319797e+01
 86 7.244359600749901e+05 -4.292354822011192e+01
 87 7.413102413009175e+05 -4.496865412713889e+01
 88 7.585775750291838e+05 -4.694034885354354e+01
 89 7.762471166286917e+05 -4.884634483303451e+01
 90 7.943282347242816e+05 -5.069332758324805e+01
 91 8.128305161640993e+05 -5.248712773845912e+01
 92 8.317637711026710e+05 -5.423285855986066e+01
 93 8.511380382023767e+05 -5.593502684194905e+01
 94 8.709635899560805e+05 -5.759762312383459e+01
 95 8.912509381337455e+05 -5.922419565533902e+01
 96 9.120108393559096e+05 -6.081791150014820e+01
 97 9.332543007969910e+05 -6.238160737022699e+01
 98 9.549925860214358e+05 -6.391783219873489e+01
 99 9.772372209558106e+05 -6.542888301756393e+01
 100 1.000000000000000e+06 -6.691683537120132e+01
